-11.18728482 -25.91066198 -5.58257382
0.0 0.0 0.0
-0.1 -6.0 1.0
-4.4 -3.4 -1.0
-7.0 -7.1 -3.3
-8.3 -0.9 -3.2
-3.5 2.4 -0.9
-7.3 5.5 -3.6
0.4 5.2 0.0
7.6 0.0 -0.8
-5.7 -9.5 0.0
-4.7 -11.5 2.9
-0.7 -11.2 4.6
-1.0 -14.0 5.8
-3.2 -14.6 4.9
5.1 -9.3 -0.3
2.3 -13.1 3.4
-1.1 -17.6 4.7
3.3 -15.5 0.2
1.4 -17.0 2.8
-1.0 -18.4 0.9
0.2 -18.1 -2.8
5.4 -13.5 -3.7
1.9 -16.0 -8.0
-1.8 -17.6 -3.0
-2.9 -15.4 -7.3
-2.9 -11.3 -3.0
9.7 -5.3 -2.0
10.1 -10.1 -5.3
-3.1 -16.0 -14.6
-10.1 -13.2 -14.6
-11.5 -11.6 -10.9
-11.7 -9.0 -8.6
-11.3 -5.0 -7.1
-12.4 -1.5 -7.1
-12.4 2.1 -8.1
-12.8 5.0 -9.6
-12.4 8.9 -12.2
-3.0 10.6 -4.1
-6.1 13.1 -11.0
-1.5 15.6 -10.6
-2.0 16.6 -6.1
-2.3 16.7 -2.5
-2.7 16.2 0.9
-3.4 14.7 3.8
-4.6 12.0 3.4
-5.4 9.9 1.5
-6.2 7.8 -0.7
-1.8 10.0 2.8
0.5 12.2 2.0
4.0 10.2 -1.5
0.2 14.9 0.7
1.9 15.4 -6.1
9.1 9.3 -4.3
3.8 13.8 -4.4
-14.6 -2.6 -13.7
-12.8 -9.3 -11.7
-14.0 -5.2 -16.6
-15.3 -2.9 -16.8
-14.0 0.8 -17.2
-14.0 4.2 -12.6
-13.5 7.2 -14.0
-12.8 8.4 -16.0
-10.0 10.6 -21.0
-7.1 12.9 -17.4
-14.9 4.4 -15.9
-14.0 4.3 -19.2
-14.7 3.8 -22.1
-14.2 4.4 -23.5
-16.2 -3.3 -18.7
-17.0 -1.4 -20.0
-16.8 0.0 -21.5
-13.6 -9.6 -15.0
-9.5 -13.4 -20.1
-12.8 -8.3 -18.1
-13.6 -8.4 -20.6
-16.1 -5.7 -20.3
-18.2 -3.3 -21.9
-17.4 -5.1 -23.1
-17.2 -3.1 -25.1
-17.7 -1.2 -23.6
-12.0 -9.9 -24.0
-16.4 -7.0 -25.0
-14.1 -6.8 -27.7
-16.1 -5.5 -26.8
-3.1 -14.5 -21.3
-4.0 -8.6 -29.2
0.9 -14.5 -24.0
-9.0 -7.5 -28.4
-4.9 -3.3 -30.8
1.4 -15.7 -27.0
-2.7 -10.4 -31.9
-3.9 -3.7 -37.0
-17.0 0.4 -24.5
-15.7 2.4 -24.1
-15.2 -3.3 -28.7
-16.7 -0.9 -26.9
-14.7 1.9 -27.4
-9.5 3.7 -28.6
-8.1 1.6 -29.6
-2.0 1.2 -32.7
-2.5 4.7 -29.8
3.7 7.4 -35.6
4.3 8.4 -30.5
-0.1 9.0 -27.1
-4.0 9.9 -25.8
-10.1 6.9 -26.3
-3.4 13.3 -20.4
4.5 13.1 -19.7
8.5 13.0 -10.1
14.7 -0.1 -5.1
16.6 -9.0 -11.5
13.0 -13.0 -14.0
9.0 -14.0 -11.8
6.2 -15.9 -19.7
12.3 -15.9 -19.3
7.1 -17.4 -22.4
18.8 -10.8 -16.3
-3.2 -13.4 -35.2
0.6 -17.8 -30.2
-2.1 -23.9 -38.4
-4.7 -24.5 -44.0
-5.9 -19.2 -48.6
-8.7 -7.2 -52.8
-4.7 0.3 -45.2
-6.7 -13.6 -52.4
-5.9 -15.2 -55.1
-6.9 -13.8 -58.8
-5.9 -16.6 -51.8
-3.8 1.6 -54.2
-1.8 4.2 -47.2
15.8 10.6 -36.4
11.8 10.3 -30.4
8.5 10.9 -25.4
3.8 6.7 -53.2
8.8 10.0 -42.6
13.8 9.9 -52.5
20.4 10.3 -44.6
5.7 0.7 -63.8
-4.4 -7.3 -87.3
-7.6 -5.9 -63.0
-2.0 0.3 -64.0
13.8 7.6 -61.7
13.1 5.0 -70.4
6.7 -0.2 -72.3
-1.3 -0.3 -71.7
5.4 1.2 -90.4
-3.6 0.0 -90.9
-1.0 1.9 -90.0
-5.7 4.1 -95.2
-1.7 6.6 -94.9
11.3 3.8 -90.1
14.2 3.4 -90.4
16.9 1.5 -90.8
20.2 1.2 -77.9
19.1 -3.3 -91.0
17.4 3.6 -95.8
26.3 -4.1 -68.9
22.1 3.3 -69.3
24.0 5.1 -61.8
23.6 8.3 -51.8
29.0 1.6 -51.7
28.1 -2.5 -62.1
27.8 -9.3 -56.6
4.6 5.7 -95.7
4.6 6.2 -97.7
-6.0 4.6 -97.6
-1.8 7.0 -98.0
15.5 7.5 -12.3
18.5 6.9 -18.5
21.3 6.5 -24.1
24.1 5.8 -29.0
27.4 4.8 -36.8
28.3 3.6 -42.5
25.4 -11.1 -63.0
20.5 -9.4 -74.4
7.6 -20.1 -25.4
13.0 -18.9 -22.8
7.0 -26.8 -29.9
13.2 -27.2 -28.3
5.9 -34.0 -35.0
-4.6 -29.6 -47.6
-7.7 -31.8 -57.7
-8.5 -27.9 -57.8
-8.5 -24.5 -58.9
-8.1 -21.7 -61.7
-7.2 -19.8 -65.2
-1.2 -12.1 -84.7
-3.3 -6.2 -97.8
-4.8 -5.0 -91.6
-8.4 -7.1 -91.1
-9.7 -8.0 -94.7
-6.8 -9.4 -98.8
-9.2 -13.3 -98.2
-10.9 -13.3 -93.8
-12.9 -26.9 -61.0
-12.2 -21.9 -66.4
-10.2 -20.6 -75.9
-5.4 -18.8 -76.9
-4.6 -19.4 -86.3
-9.9 -22.7 -87.1
-11.1 -15.6 -90.1
-8.9 -11.9 -90.1
-15.1 -18.1 -94.5
-14.5 -18.8 -90.8
-18.7 -24.0 -91.4
-19.0 -22.6 -95.1
-16.7 -22.5 -98.4
-12.3 -17.6 -98.2
-15.8 -30.2 -88.6
-20.7 -28.5 -92.2
-15.4 -26.9 -80.3
-15.4 -24.4 -70.6
-17.2 -30.2 -69.0
-17.0 -37.7 -82.0
-16.4 -36.0 -66.4
-17.6 -36.4 -72.5
-17.1 -35.2 -89.0
-14.3 -48.2 -75.5
-13.9 -49.1 -83.5
-14.5 -48.5 -88.9
-16.9 -40.0 -89.2
-22.4 -35.1 -92.8
-22.2 -41.1 -93.4
-20.0 -47.4 -93.2
-14.7 -56.1 -93.3
-12.2 -37.9 -61.4
-11.0 -46.0 -65.7
-5.9 -41.9 -60.8
-2.1 -37.8 -49.6
2.6 -51.8 -55.9
-4.9 -47.4 -63.3
4.5 -41.5 -42.2
-6.7 -52.8 -68.1
-0.7 -54.9 -63.7
-6.2 -57.4 -76.3
6.2 -59.5 -66.8
7.7 -54.2 -55.9
9.2 -49.2 -48.4
10.8 -42.8 -40.8
12.1 -35.2 -34.0
-21.4 -27.6 -95.2
-20.1 -27.9 -98.4
-21.6 -34.8 -98.2
-22.7 -35.1 -96.0
-22.4 -41.1 -96.2
-20.6 -41.0 -98.6
-20.5 -47.4 -96.1
-18.3 -46.9 -99.0
-17.6 -52.5 -96.3
-12.7 -54.5 -98.9
-14.6 -55.9 -96.1
-5.9 -60.0 -97.8
2.2 -63.5 -93.7
-8.2 -61.1 -92.1
5.1 -63.7 -91.0
1.8 -62.8 -84.4
-8.1 -57.6 -87.8
-3.7 -62.8 -89.9
8.2 -62.9 -85.6
13.4 -61.5 -86.3
9.7 -62.7 -91.1
6.9 -62.6 -93.9
10.3 -62.0 -79.2
4.3 -62.0 -77.3
14.7 -56.6 -63.4
2.7 -62.2 -96.4
15.4 -53.5 -57.6
16.9 -48.4 -50.4
15.3 6.3 -96.3
14.8 6.5 -98.0
15.8 -2.6 -97.1
20.2 -1.0 -13.8
17.6 -0.6 -8.8
23.3 -1.3 -19.6
25.2 -1.9 -23.6
27.7 -3.3 -29.8
12.9 8.4 -8.1
29.6 -5.3 -41.0
29.4 -6.8 -47.2
20.5 -4.1 -84.7
14.6 -8.9 -87.8
22.6 -4.2 -78.3
13.1 -7.2 -97.2
10.1 8.1 -95.3
10.3 8.5 -97.8
14.2 -45.9 -45.0
18.6 -41.7 -42.9
15.6 -38.8 -37.8
19.7 -34.1 -36.3
20.2 -25.8 -30.5
20.7 -15.2 -22.6
25.1 -7.0 -23.0
25.7 -10.1 -25.7
26.1 -14.9 -29.9
26.3 -21.4 -35.1
26.1 -30.0 -42.1
24.9 -37.4 -49.1
22.1 -46.4 -58.2
19.6 -51.5 -61.5
16.3 -57.5 -67.0
-16.4 -4.6 -19.4
28.9 -9.5 -36.5
29.0 -15.2 -42.4
28.7 -23.2 -50.2
28.1 -22.9 -56.9
27.7 -30.2 -57.0
26.7 -21.1 -65.0
27.8 -26.2 -60.0
25.8 -39.4 -56.2
31.5 -29.5 -64.0
31.1 -37.4 -62.1
19.9 -17.2 -78.5
23.6 -18.2 -71.9
16.6 -17.2 -86.5
29.4 -43.0 -62.4
32.3 -39.1 -69.0
29.4 -47.7 -71.3
24.8 -52.2 -67.0
18.8 -59.6 -77.1
24.8 -55.3 -77.7
27.5 -51.6 -73.9
28.4 -22.1 -70.1
31.5 -27.4 -72.6
32.7 -32.9 -69.8
24.0 -19.6 -76.4
29.0 -24.6 -76.5
23.7 -21.5 -81.8
20.0 -18.5 -82.5
21.8 -21.4 -85.1
20.4 -21.1 -87.4
14.3 -12.8 -91.5
27.5 -26.5 -82.4
24.5 -27.0 -87.5
26.7 -34.5 -88.8
30.6 -31.6 -79.9
31.4 -38.2 -79.4
31.3 -43.1 -80.1
29.6 -48.7 -82.4
25.4 -53.8 -84.6
27.2 -42.8 -90.0
26.9 -49.2 -90.1
24.6 -53.2 -91.7
19.7 -56.8 -95.4
16.3 -59.3 -93.3
20.7 -57.0 -90.0
14.8 -60.4 -90.9
16.9 -59.8 -88.5
13.6 -60.2 -94.7
10.1 -61.6 -94.4
22.6 -56.9 -80.7
19.3 -58.9 -85.5
15.7 -61.0 -83.0
12.8 -10.9 -98.3
16.7 -11.9 -98.2
18.8 -14.2 -92.6
19.6 -12.3 -97.7
21.6 -14.3 -93.5
25.4 -23.1 -91.8
24.0 -15.4 -94.3
22.7 -13.5 -97.1
25.9 -17.6 -96.8
26.3 -24.1 -96.5
26.2 -31.0 -96.6
26.4 -37.2 -96.2
26.2 -44.4 -96.1
24.8 -50.2 -96.4
-0.26505393283133727 0.09781959617204422 1.4042128539845302
-0.37829559898644005 -5.51354827945002 2.318162464629737
-5.04114045281995 -3.373775232165455 0.2805807984308737
-7.99656073160773 -7.393174557262606 -2.313819799838112
-9.132627177531162 -0.890458749279592 -2.0345486077183734
-4.038758502738609 2.499789220174553 0.42341126913133376
-8.281380553802547 5.866741490205626 -2.6232559762251104
0.38097783149954567 4.847661619880741 1.3882117356514736
8.069531011455481 0.12893714894204317 0.5470530208214857
-7.059740631040093 -9.583922068219444 0.44237823495789447
-5.803061352770112 -11.263643319000904 3.78262515904095
-0.4517257566577372 -10.540123472204984 5.846819501033738
-0.9983681077224444 -13.82706052662933 7.221873860607146
-4.377444289798028 -15.123552405403403 5.525422915488654
6.011340037990122 -9.419360548140103 0.7985665181061441
3.314576936808285 -13.186427255198979 4.407372805298757
-1.29172355710868 -18.62343241695551 5.683597562814285
4.497380894150261 -16.186224117719828 0.5834207279002589
2.329401308072181 -17.981068689828064 3.274714055398368
-1.5550842870857557 -19.71389825600466 1.0311060910042116
0.7257376606680315 -19.422987576210097 -2.95792335276659
6.309620290869451 -14.5364910423511 -3.3128136810726576
2.097739128964885 -17.41406426393134 -8.113830990281762
-2.6943286847333088 -18.694335897123622 -3.2328972905163007
-3.639208839568236 -16.586843604674872 -6.989180841088356
-4.126505538818973 -12.031586565171787 -2.8899942687559976
10.53120893296545 -5.597752999921795 -0.8721388113796942
11.011651692054485 -10.82375688087418 -4.46531253168538
-3.3692614449100473 -17.403421445315303 -14.697685828624508
-11.018543653911863 -14.29884945343416 -14.621057885594004
-12.538042392219074 -12.498690177212266 -10.492004954272376
-12.772579771503445 -9.529515326439919 -7.812077317989358
-12.42690284686071 -5.264205036692486 -6.256245490486982
-13.600452711519665 -1.5792098216644324 -6.322648669161124
-13.610600647073483 2.2832590463560964 -7.356697776652106
-13.996009301426936 5.3805864085889095 -8.909817606354922
-13.468267247003242 9.774262972962035 -11.817762713634972
-4.259203601295131 11.282569647193869 -4.088127038490408
-6.850713645062566 14.253635334459076 -10.603527380258903
-1.8958217794421177 16.974272379504068 -10.679602423653442
-2.7669097857229743 17.789294790118046 -6.3215023312753535
-2.6857511061917445 18.077314166961006 -2.4235947020138617
-3.4101656488984924 17.4148718721078 1.1671836175476924
-3.5868587276052573 15.404516111951345 5.033035629622559
-5.791797643391172 12.12860232891736 4.184038148436847
-6.538269548749652 9.583588601333867 2.3098532343476847
-7.522267102934592 7.7361381549692165 -0.1530380513726497
-1.6573132441060896 9.484321302924537 4.128665485016835
1.4359472294936924 12.364393342238557 3.0717339280953633
4.7837752434131255 10.556868950661357 -0.3554577684215592
0.9951202188152584 15.946947020796038 1.2686139052797376
2.422401937430977 16.73287443794564 -6.053331504851149
9.930911070997126 10.002688817197175 -3.3686293872574424
4.697678814293312 14.724105916363165 -3.774031149567689
-15.983937199001108 -2.7091527848603425 -13.347240168417377
-14.11992578341943 -9.786572120064337 -11.430408645834651
-15.259309087486928 -5.7426042977356095 -16.186046864667407
-16.649080064715015 -2.971048763537752 -16.324005197309585
-15.35781549948104 1.0778640596155273 -16.838386070866964
-15.377967116283504 4.352020230948349 -12.23981605279561
-14.80017463651404 7.767320854734031 -13.80168468957382
-14.037275499393546 9.11785910502934 -16.073916465871473
-10.784843360991397 11.72297574606634 -21.417830554716236
-7.754413939855192 14.16930860088699 -17.510607734980493
-16.314273350181534 4.626597044686343 -15.910985003673837
-15.417598569443292 4.5029744406121655 -19.22918342629828
-15.997417461983055 4.373606332954718 -21.901708033103493
-15.238793827091671 5.272675128659527 -23.959327230430898
-17.40164248041919 -3.3675081535340317 -17.92338297825863
-18.205039295143823 -1.0128043780359497 -19.32948091191141
-18.028552925077324 0.6645982783275014 -21.182820494470285
-14.891486395869157 -10.208570769629356 -15.115501115309026
-10.271317735341459 -14.5746866851045 -20.377157253172143
-14.020943747194906 -9.044128537493739 -18.184882777246585
-14.641293905146034 -9.335150888079136 -20.2953102895887
-17.156446071651217 -6.545991638452163 -19.831112118559524
-19.597064731030205 -3.433443004161448 -21.613575311902295
-18.70319018767089 -5.692740747311865 -23.144606515605577
-18.534255895248755 -3.2192037256999693 -25.607136744649008
-19.07730444560974 -0.8463406522439127 -23.77202770081701
-12.621238865703825 -11.071873033713853 -24.54075120396844
-17.511571558090225 -7.871508405131421 -25.237734665184014
-14.64897521757208 -7.614510948395097 -28.742513369428043
-17.216007900189954 -5.947025557433282 -27.578672278763715
-3.447806528128812 -15.77257209428398 -21.85787712252849
-4.878928506582147 -9.542194921182276 -29.825611229771013
0.32031741365695476 -15.79724934649399 -24.180964726152794
-9.314521499667846 -8.334127149837627 -29.52113519441254
-5.670189161810477 -3.3318229348083137 -32.007241465428464
0.37913606996952276 -16.58598204767705 -26.526176564998405
-4.0425669028357385 -10.878043094500718 -31.756386242963178
-5.311229714928691 -3.4577349557933568 -36.96292790729081
-18.289471978305187 0.9636361919504525 -24.76685625398199
-16.865871375575047 3.222108115153608 -24.228523082025493
-15.953390226375582 -3.3177212763585158 -29.918082560077917
-17.92776288144157 -0.6509738905098646 -27.594420840518556
-15.596580401304948 2.6668867258733857 -28.21219722584792
-9.983207600972511 4.355209243818603 -29.778493640702845
-8.392768912640417 1.8963762041624235 -30.970431869666502
-3.1500890309253426 1.8337161129833994 -33.27213207311811
-3.110085791735876 5.44796813433441 -30.858288711431012
2.894594206739408 8.579693808202942 -35.706207471817756
3.9023055045665407 9.686955162568259 -30.987053896238223
-0.3573928882299092 10.108767913576282 -27.969493309297068
-4.228178171585828 10.952091753775708 -26.74481408946359
-10.79952349008166 7.757777641563401 -27.20913167608323
-3.6244326524095385 14.619350289780272 -20.91047115235744
4.635983922419485 14.454482940361808 -20.145556210945642
9.24126130744342 14.208606094217137 -9.896434327283629
15.703839095083271 -0.09928360529064428 -4.07826492770336
17.569133550277016 -9.695384780784002 -10.706995480226338
13.569701462221646 -14.199946343411588 -13.464084879038035
9.481693247176958 -15.32787729909643 -11.562619516032829
6.1128818760368775 -17.298349445072525 -19.40223287296528
12.384946526650506 -17.07978954340593 -18.492214929031213
6.627572535210714 -18.552000047196298 -21.691943376718715
19.743548239928117 -11.55977027398186 -15.535734437710238
-4.556588833907591 -13.622027893010436 -34.79749987522662
-0.4636809966101402 -18.41467535690008 -29.463526685432377
-3.2004692921077753 -24.438942647121774 -37.65828296484361
-6.040353341260021 -24.724117725125364 -43.54738519041272
-7.298741615984568 -18.966151626632104 -48.39882139779274
-10.12276022444966 -7.092281929837512 -52.67435700940991
-5.913628473648604 1.031671460301299 -44.99167620844002
-7.977296028600904 -14.22841759094739 -52.241122101259364
-7.296756535544294 -15.515916051171862 -55.069929598834065
-8.173403242729268 -14.441471925192296 -58.936359636977656
-7.307036980508656 -16.367479432805784 -51.666519209948525
-4.748216614395315 2.647923459668945 -54.43319021175889
-2.727575422438611 5.2914316430055095 -47.20409930898167
15.936611024983666 12.021464630575563 -36.28859204752088
11.85676021394546 11.730735199415621 -30.43756417530057
8.842584297053369 12.283734150271103 -25.53982775399026
3.2037246352875792 7.95623374656062 -53.54346537444019
8.405518441843066 11.376831443201642 -42.61885410526553
13.618080070593388 11.289880873166585 -52.794571379618574
20.97051346961311 11.613829511774178 -44.60154757269169
5.210400185098221 1.9990782325727778 -64.15259575565189
-5.805329386709496 -7.240862761597819 -87.02946700407367
-8.926811667619901 -5.381558455679603 -63.14975033819788
-2.6169076442234322 1.5741073414215647 -64.21842948755689
13.613340050397772 8.969366664962942 -62.076336285923595
13.018534860184786 6.4148476767512355 -70.60785928554319
6.2165905408754085 1.1479801641515937 -72.33001286195471
-1.7205330719026337 1.069168920816627 -71.68717807713456
5.140327680502289 2.4896563823182123 -89.83343782156538
-4.750603590948957 0.7040554427821312 -90.41828088061172
-1.394356476203153 3.1375019076225046 -89.39608941199272
-6.827816144226626 4.6907475766775235 -94.54373477505553
-1.98226365526873 7.835748168773599 -94.23299948104442
11.124881822142239 5.1443513877078315 -89.63773495681394
14.83307793717965 4.604949274077549 -89.95396684836625
17.916608108271923 2.5051685828716486 -90.71179527108153
21.30115414165705 2.039534415848717 -78.26643897297787
20.467872392626788 -3.5035516413331544 -91.37299845415237
18.680386149017195 4.233053119936923 -95.90719634668702
27.638397987086883 -3.983980839635353 -69.39685650100414
22.91442536429834 4.386421342812271 -69.75610962703006
24.86751077569739 6.157044630056525 -62.2262835958814
24.296096682109255 9.531162640738035 -52.026547922540544
30.359031631930563 2.0212008938462454 -51.865102484642954
29.489553797432634 -2.4079336358606254 -62.43511196432641
29.210232074009394 -9.387943595537823 -56.83483488122306
4.448330418541882 6.9631000195258315 -95.04181258084482
4.417997543417679 7.596480869870907 -97.4385572990451
-7.290535926093531 5.2083064466917826 -97.47305004775451
-2.0749786587342447 8.39299970708085 -97.81138782299814
16.53202225131448 8.427827914550942 -11.945456019975175
19.46764716890489 7.873619297631209 -18.09090292131272
22.196574678164687 7.558653855881805 -23.743570680357976
25.064277843786474 6.7926373443082975 -28.630574306974893
28.549524437237594 5.626521824974555 -36.582994836387876
29.580065966184716 4.242573671207923 -42.48710816979759
26.75421207207017 -11.13155161784728 -63.46556434493056
21.771551344873277 -9.781839451931898 -74.93757958508421
6.958453872861707 -20.9900889615648 -24.47924150438111
13.042152173821684 -19.844035439691865 -21.72359102435557
6.278310404367623 -27.490568708780366 -28.873396383208497
13.311169634480763 -28.020282652342992 -27.131063011692007
5.128073758086341 -34.68576093479479 -34.007277572856125
-5.838179279183158 -29.98681746132764 -46.99261188337809
-8.755681022653963 -32.13271246422416 -56.790892748594445
-9.633533098887845 -27.863115717905508 -56.92514100366968
-9.733889841360886 -24.127973901942237 -58.2749012544003
-9.197436819492196 -20.86537837840426 -61.31183099558602
-8.346235738822504 -18.944784072462117 -65.1200916253979
-2.6148454384949344 -12.117724356211356 -84.4774371271596
-4.262921072799451 -5.259810481766888 -98.29036993929414
-6.131534674254175 -4.529351296010042 -91.36095772614158
-9.43733492055439 -6.38950695924246 -90.41387180379063
-10.807537822268303 -7.2157471672638875 -95.15819588233698
-7.659922705778772 -8.648760335938894 -99.66475887230341
-10.381441338145521 -12.785491153193576 -98.82539028700393
-12.180906998327735 -12.660705757576444 -93.75292417564053
-13.981300929177923 -26.600459852041954 -60.10966298497691
-13.059401853561559 -20.837716862990288 -65.9703268789885
-10.95368978459049 -19.387169286319157 -76.0123804634105
-6.361003752294805 -17.742845618985523 -77.00262749523009
-5.492609602293136 -18.605691092103793 -85.51009022241092
-10.819216519848714 -21.886671345253827 -86.36164135475637
-11.987090091018942 -14.92439852880167 -89.20096172354529
-9.872092332118514 -11.461124897085888 -89.14393455146704
-16.17217737523812 -17.150950675064742 -94.53710868991786
-15.41416937603888 -18.090768273956986 -89.95565367846675
-19.75161951185212 -23.443904654373533 -90.60219653493829
-20.18382053115002 -21.81195387391863 -95.27084569996293
-17.736274017996205 -21.737669697242495 -99.0297814455219
-13.304244764225055 -16.734173455760043 -98.74173134376373
-16.961721189649236 -29.849877342578452 -87.83878123888067
-21.823141734536165 -28.221633531275348 -91.35578394161634
-16.639077038873573 -26.203880448569805 -80.47816189787079
-16.650545272456696 -23.704744722879393 -70.53372314753882
-18.598099016857567 -29.97642742093344 -68.7832733496973
-18.43199483763666 -37.72962733372561 -82.0122068045888
-17.678211804581313 -36.28551328460861 -65.82009246690444
-19.015730522790328 -36.58848540708279 -72.39129701863948
-18.352143802988092 -35.10827369436044 -88.31053775919762
-15.539426894893952 -48.866448716280225 -75.23297363279634
-15.083017096706442 -49.89653008141934 -83.3671603286124
-15.652718280599554 -49.120245563818884 -88.31847441489252
-18.03949173441155 -40.208394225854526 -88.35752363010097
-23.62588279139658 -35.04415593432586 -92.061265391303
-23.435910915779484 -41.35517573758477 -92.72247099604137
-21.187284823925157 -47.91066198120179 -92.58257381993305
-15.729485368147795 -56.977028664945095 -92.82817736633962
-13.04015697844334 -38.29770336852976 -60.3102274171952
-11.87518850862896 -46.70214262635361 -64.80967601030801
-6.775963492831982 -42.49124821593171 -59.83317555555149
-3.2619250440459817 -38.34180343832369 -48.96123930440316
1.7635558144897994 -52.6968770561163 -55.159994141416206
-5.7644770332801745 -48.03609736278453 -62.3514771463008
3.8153356898881605 -42.36605606381198 -41.2874115512491
-7.53828912782188 -53.739231239842226 -67.4168074822716
-1.519908376427868 -55.84269743324264 -62.99949460842821
-7.0143268926464675 -58.54483903908492 -76.0209815660214
5.96284754303896 -60.80906193718854 -66.26919725249248
7.561970732325482 -55.42707487230222 -55.174141074981
9.13193180468252 -50.35248932091448 -47.55219631637725
10.83709164132931 -43.8265827262273 -39.80180757548696
12.090881429976244 -36.086753707225796 -32.87517969683952
-22.748756620338558 -27.141404976354803 -95.34893684359746
-21.328552695620903 -27.405281396698886 -98.94547940165548
-22.861585114786177 -34.704077168689125 -98.87144456851125
-24.105674257811025 -34.99661172233048 -96.25500342148284
-23.763791792937656 -41.35367238293325 -96.55687290125877
-21.72314057638115 -41.25082357354352 -99.45280641451684
-21.7769582423427 -47.9443197396995 -96.45317087689459
-19.303308504145686 -47.36598149081704 -99.90987323057934
-18.714120225933073 -53.283177055998195 -96.74385337795813
-13.44049678200286 -55.27032690800247 -99.85388519783608
-15.368981410996055 -57.00252082647092 -96.59472357609113
-6.405892129832617 -61.236407726152834 -98.31672535033903
2.0191555671130246 -64.86917378474568 -94.07986107757833
-8.847261008903034 -62.36649034831324 -91.93061468781728
5.178291360439855 -65.12780471320005 -91.082946753066
1.3899116823100977 -64.13562723453558 -84.08446321599362
-9.12205911977141 -58.54232942865783 -87.45496898171685
-4.406621325945851 -64.02106110557477 -89.65234685915371
8.397432300757094 -64.31398384816114 -85.48464765387239
13.859688554643174 -62.85573270351144 -86.34807566286212
10.145289402760366 -64.03940702305559 -91.34360249255431
7.2392816759551994 -63.91830100023668 -94.34565279886478
10.518342908921623 -63.39720429263541 -78.97244222982978
4.067201434387746 -63.380043927610046 -76.99517285928658
15.188764156496495 -57.84306393689004 -62.88275958382226
2.7967576700885317 -63.47762602100939 -97.040270024067
15.886868098435587 -54.688572787270886 -56.96605190742078
17.690052719257334 -49.416845655879015 -49.77272206087408
16.132955076942824 7.4302620008794635 -96.01657514370979
15.732344121913693 7.539867274947391 -98.3178781037229
16.922079661235458 -2.87989440557257 -97.94512268669756
21.463894182507115 -0.7807205513273512 -13.16272139623671
18.822842799871665 -0.5098434396488226 -8.059619502264088
24.54098619063952 -1.1857637680155702 -18.893926804117296
26.512000452750396 -1.620497327905857 -23.09783561628189
29.07001941354158 -3.138284980558576 -29.414602725741027
13.927821621660893 9.152139644166594 -7.444633942197703
31.025654439066734 -5.21097406686704 -40.89407642566866
30.830726605869803 -6.831572261586529 -47.2605026574175
21.812577175628917 -4.484758003942391 -85.12513343366558
15.898924396259401 -9.326352734856235 -88.22738127975235
23.943707068389504 -4.306366791629498 -78.78453422995547
14.409429664164874 -7.613037226088255 -97.6079585818075
10.063937145312583 9.41260521642886 -94.7278085841997
10.328391527429137 9.913729905332817 -97.57153189295242
14.56429116746493 -46.9817989043446 -44.13476068289411
19.325875545011073 -42.63882510938255 -42.09791016267021
16.021856883187425 -39.7376187057945 -36.80273176494404
20.51292469378387 -34.865825077129685 -35.403171480451405
20.985169476475942 -26.52859160246039 -29.549053539869515
21.578118820888335 -15.857588191740817 -21.679065091070644
26.301748246293148 -7.225671830454039 -22.25400443870565
26.994661667017393 -10.364195183876973 -25.147109348268618
27.33884488997223 -15.318893105563195 -29.315681675196366
27.54769757830459 -21.849099811633163 -34.55852413508641
27.390885113505156 -30.47992279436961 -41.70639393402128
26.09750877732033 -38.05297417528745 -48.66269752499165
23.074773189446972 -47.21848395600379 -57.54308505657143
20.455194675948956 -52.49976248872265 -60.933649373292795
16.889489488409584 -58.715874887718876 -66.52483013514195
-17.533207521367764 -5.1195791826606785 -18.69465314457269
30.300359430345882 -9.666522419018941 -36.24920177471634
30.423296314126084 -15.348833709141099 -42.339072754711836
30.123775699254463 -23.348213622651283 -50.14968618208637
29.5165033076627 -22.86209129009617 -57.109086845817856
29.085509177849925 -30.29126263093177 -56.648330481433156
27.985468373331994 -20.47022109589926 -65.05084872774083
29.176432018514582 -25.87959493092865 -59.76673729376247
26.96836356563947 -39.86369868171731 -55.5133078484067
32.80368769750415 -29.05320568216516 -63.60960375907699
32.40198502084999 -37.55436443545026 -61.52324821062231
21.02544151272642 -16.45130504598228 -78.97378609863574
24.77704408687357 -17.489672271974833 -72.30204195845033
17.748762450259516 -16.435474669616905 -86.88403366008252
30.53195143649014 -43.62429077316335 -61.78308592496928
33.70245912315988 -39.368943141386175 -68.88858189300231
30.67475085373229 -48.31840034967427 -71.08969719823185
25.703282196907768 -53.175291645026 -66.46659257608094
19.478913022730065 -60.84071173931119 -76.87340015996708
25.795856098745737 -56.32746317559722 -77.63499189756187
28.64422560395714 -52.44065100311398 -73.7110829329775
29.506246705414938 -21.190262571764126 -70.1152328075341
32.8250136233343 -26.892976534854178 -72.79723616242983
34.1298642269716 -32.815851600913085 -69.80658326347834
24.921293228778804 -18.538103649273403 -76.67428256765581
30.104142072869013 -23.77285949356476 -76.8851556380667
24.6615327359763 -20.5507930039525 -82.27549645245827
20.87028557946636 -17.429425239393204 -82.88484892116855
22.794812658096276 -20.526331711791848 -85.64652309875325
21.340518691951335 -20.115985604634943 -86.95415668693532
15.444991453604006 -11.960748832018805 -91.30950577904832
28.64529719757736 -25.873706611679527 -82.98964982910836
25.759927875030115 -26.320246879800678 -87.4535947707539
28.089139511494086 -34.2553766919551 -89.04917233949044
31.9239712167429 -31.33997995215536 -80.3807554388202
32.79260324895466 -38.16044388606852 -79.73275742644087
32.693329444084 -43.29576886954744 -80.3682230600912
30.86547727847766 -49.354516105263 -82.54768861028576
26.40794964558083 -54.804047523185204 -84.76601832175737
28.572872245855 -42.76039850654243 -90.40655813640485
28.242246570565992 -49.50352188348823 -90.49734696431152
25.71242965244678 -54.046094294426155 -92.01346564930891
20.551147941357993 -57.90081887664466 -95.73967776310032
16.97280206545257 -60.540760451845216 -93.54389932730454
21.532804413433027 -58.145876968922444 -90.21222342250464
15.384461896370533 -61.685649773695474 -91.13905010162668
17.561883641990118 -61.0529187671354 -88.7091425528815
14.166495056045898 -61.480369514901525 -95.00228009657665
10.50843480882663 -62.931418268821936 -94.734876694301
23.483036329339225 -58.02379695393015 -80.79467442846106
20.060893542365697 -60.10446378292603 -85.64813511672016
16.184311393642872 -62.347636742817166 -83.03088176479484
13.935006574404081 -10.02629692612422 -98.30624617959442
17.011315177543064 -10.558013894662727 -97.80783657320828
19.152050459544416 -13.011714435534635 -91.88189562651533
19.84602641424511 -10.975784221642382 -97.21259916306758
22.25855452685541 -13.321337012664904 -92.68749726623315
26.690174875585885 -22.77010109024679 -91.2725045026253
25.11466828951417 -14.737987765197364 -93.69099227810874
23.473714926306148 -12.341747074407241 -96.76615666373749
27.1417127698898 -17.065318924363254 -96.3268176414441
27.657632697770747 -23.962876559997095 -96.06449268646153
27.6298809667294 -30.94161479072667 -96.53943938306864
27.82610138347354 -37.167089484519735 -96.32956751917699
27.598033255953645 -44.536933231100306 -96.37997911612847
26.03140555994739 -50.79943543665701 -96.81946812061285
0.26505393283133727 -0.09781959617204422 -1.4042128539845302
0.17829559898644 -6.48645172054998 -0.31816246462973696
-3.7588595471800508 -3.4262247678345448 -2.280580798430874
-6.00343926839227 -6.806825442737393 -4.286180200161888
-7.467372822468839 -0.909541250720408 -4.365451392281627
-2.9612414972613914 2.3002107798254467 -2.2234112691313337
-6.318619446197452 5.133258509794374 -4.57674402377489
0.4190221685004544 5.552338380119259 -1.3882117356514736
7.130468988544518 -0.12893714894204317 -2.1470530208214855
-4.340259368959908 -9.416077931780556 -0.44237823495789447
-3.596938647229888 -11.736356680999096 2.0173748409590497
-0.9482742433422627 -11.859876527795015 3.3531804989662612
-1.0016318922775556 -14.17293947337067 4.378126139392854
-2.022555710201972 -14.076447594596596 4.274577084511347
4.1886599620098774 -9.180639451859898 -1.3985665181061442
1.2854230631917145 -13.01357274480102 2.3926271947012427
-0.9082764428913201 -16.576567583044493 3.7164024371857156
2.1026191058497385 -14.813775882280172 -0.18342072790025887
0.4705986919278189 -16.018931310171936 2.3252859446016316
-0.44491571291424425 -17.086101743995336 0.7688939089957884
-0.3257376606680315 -16.777012423789905 -2.64207664723341
4.49037970913055 -12.4635089576489 -4.087186318927343
1.702260871035115 -14.58593573606866 -7.8861690097182375
-0.9056713152666914 -16.50566410287638 -2.7671027094836993
-2.160791160431764 -14.21315639532513 -7.610819158911644
-1.673494461181027 -10.568413434828214 -3.1100057312440024
8.868791067034548 -5.002247000078205 -3.127861188620306
9.188348307945514 -9.376243119125819 -6.1346874683146195
-2.830738555089953 -14.596578554684696 -14.502314171375492
-9.181456346088137 -12.101150546565838 -14.578942114405995
-10.461957607780926 -10.701309822787733 -11.307995045727624
-10.627420228496554 -8.470484673560081 -9.387922682010641
-10.173097153139292 -4.735794963307514 -7.943754509513017
-11.199547288480336 -1.4207901783355676 -7.877351330838875
-11.189399352926518 1.916740953643904 -8.843302223347894
-11.603990698573066 4.6194135914110905 -10.290182393645077
-11.331732752996759 8.025737027037966 -12.582237286365027
-1.7407963987048687 9.91743035280613 -4.111872961509591
-5.349286354937433 11.946364665540923 -11.396472619741097
-1.1041782205578823 14.225727620495931 -10.520397576346557
-1.2330902142770257 15.410705209881955 -5.878497668724646
-1.914248893808255 15.322685833038992 -2.5764052979861383
-1.9898343511015077 14.9851281278922 0.6328163824523076
-3.2131412723947426 13.995483888048653 2.5669643703774403
-3.408202356608827 11.87139767108264 2.615961851563153
-4.261730451250349 10.216411398666134 0.6901467656523151
-4.877732897065409 7.863861845030783 -1.2469619486273502
-1.9426867558939105 10.515678697075463 1.471334514983164
-0.43594722949369236 12.035606657761441 0.9282660719046365
3.2162247565868745 9.843131049338641 -2.644542231578441
-0.5951202188152582 13.853052979203962 0.13138609472026241
1.3775980625690227 14.067125562054361 -6.14666849514885
8.269088929002873 8.597311182802827 -5.231370612742557
2.902321185706688 12.875894083636837 -5.025968850432312
-13.216062800998891 -2.4908472151396577 -14.052759831582621
-11.480074216580572 -8.813427879935665 -11.969591354165347
-12.740690912513072 -4.657395702264391 -17.013953135332596
-13.950919935284986 -2.828951236462248 -17.275994802690416
-12.64218450051896 0.5221359403844728 -17.561613929133035
-12.622032883716496 4.0479797690516515 -12.960183947204388
-12.19982536348596 6.6326791452659695 -14.19831531042618
-11.562724500606455 7.682140894970662 -15.926083534128525
-9.215156639008603 9.47702425393366 -20.582169445283764
-6.445586060144807 11.63069139911301 -17.289392265019504
-13.485726649818465 4.173402955313658 -15.889014996326164
-12.582401430556708 4.097025559387834 -19.170816573701718
-13.402582538016944 3.2263936670452815 -22.29829196689651
-13.161206172908328 3.5273248713404737 -23.040672769569102
-14.998357519580807 -3.232491846465968 -19.47661702174137
-15.794960704856178 -1.7871956219640501 -20.67051908808859
-15.571447074922677 -0.6645982783275014 -21.817179505529715
-12.308513604130843 -8.991429230370644 -14.884498884690974
-8.728682264658541 -12.225313314895502 -19.82284274682786
-11.579056252805096 -7.555871462506263 -18.015117222753418
-12.558706094853965 -7.464849111920864 -20.904689710411304
-15.043553928348786 -4.854008361547837 -20.768887881440477
-16.802935268969794 -3.1665569958385515 -22.186424688097702
-16.096809812329106 -4.507259252688134 -23.055393484394425
-15.865744104751245 -2.980796274300031 -24.592863255350995
-16.322695554390258 -1.5536593477560872 -23.427972299182994
-11.378761134296175 -8.728126966286148 -23.45924879603156
-15.288428441909774 -6.128491594868579 -24.762265334815986
-13.55102478242792 -5.985489051604903 -26.657486630571956
-14.983992099810049 -5.052974442566718 -26.021327721236286
-2.752193471871188 -13.22742790571602 -20.742122877471513
-3.1210714934178534 -7.657805078817723 -28.574388770228985
1.4796825863430452 -13.20275065350601 -23.819035273847206
-8.685478500332154 -6.665872850162373 -27.278864805587457
-4.129810838189524 -3.268177065191686 -29.592758534571537
2.4208639300304773 -14.81401795232295 -27.473823435001595
-1.3574330971642616 -9.921956905499282 -32.04361375703682
-2.488770285071309 -3.9422650442066436 -37.03707209270919
-15.710528021694813 -0.16363619195045243 -24.23314374601801
-14.534128624424953 1.5778918848463916 -23.97147691797451
-14.446609773624417 -3.282278723641484 -27.481917439922082
-15.472237118558429 -1.1490261094901353 -26.20557915948144
-13.80341959869505 1.1331132741266141 -26.587802774152077
-9.016792399027489 3.0447907561813974 -27.421506359297158
-7.807231087359583 1.3036237958375767 -28.2295681303335
-0.8499109690746576 0.5662838870166004 -32.1278679268819
-1.8899142082641238 3.9520318656655906 -28.74171128856899
4.505405793260593 6.220306191797059 -35.49379252818225
4.697694495433459 7.113044837431742 -30.012946103761777
0.15739288822990924 7.891232086423718 -26.230506690702935
-3.7718218284141725 8.847908246224293 -24.855185910536413
-9.40047650991834 6.042222358436599 -25.39086832391677
-3.1755673475904613 11.98064971021973 -19.889528847642556
4.364016077580515 11.74551705963819 -19.254443789054356
7.75873869255658 11.791393905782863 -10.30356567271637
13.696160904916727 -0.10071639470935573 -6.121735072296639
15.630866449722987 -8.304615219215998 -12.293004519773662
12.430298537778354 -11.800053656588412 -14.535915120961965
8.518306752823042 -12.67212270090357 -12.037380483967173
6.287118123963123 -14.501650554927476 -19.99776712703472
12.215053473349496 -14.72021045659407 -20.107785070968788
7.5724274647892855 -16.2479999528037 -23.108056623281282
17.856451760071884 -10.040229726018142 -17.064265562289762
-1.8434111660924095 -13.177972106989564 -35.602500124773385
1.66368099661014 -17.18532464309992 -30.93647331456762
-0.9995307078922251 -23.361057352878223 -39.14171703515639
-3.359646658739979 -24.275882274874636 -44.45261480958728
-4.501258384015433 -19.433848373367894 -48.801178602207266
-7.277239775550338 -7.307718070162489 -52.925642990590084
-3.486371526351397 -0.43167146030129905 -45.40832379155999
-5.4227039713990965 -12.97158240905261 -52.55887789874063
-4.503243464455707 -14.884083948828136 -55.13007040116594
-5.626596757270733 -13.158528074807705 -58.66364036302234
-4.492963019491345 -16.83252056719422 -51.93348079005147
-2.8517833856046844 0.552076540331055 -53.966809788241115
-0.8724245775613888 3.108568356994491 -47.19590069101834
15.663388975016336 9.178535369424436 -36.51140795247912
11.743239786054541 8.86926480058438 -30.36243582469943
8.157415702946631 9.516265849728898 -25.260172246009738
4.39627536471242 5.443766253439381 -52.85653462555982
9.194481558156935 8.623168556798358 -42.581145894734476
13.981919929406613 8.510119126833416 -52.205428620381426
19.829486530386887 8.986170488225824 -44.59845242730831
6.189599814901779 -0.5990782325727779 -63.4474042443481
-2.9946706132905048 -7.35913723840218 -87.57053299592633
-6.273188332380099 -6.418441544320398 -62.85024966180212
-1.3830923557765678 -0.9741073414215646 -63.7815705124431
13.98665994960223 6.230633335037057 -61.32366371407641
13.181465139815213 3.5851523232487645 -70.19214071445683
7.183409459124592 -1.5479801641515936 -72.26998713804528
-0.8794669280973664 -1.6691689208166272 -71.71282192286544
5.659672319497711 -0.08965638231821238 -90.96656217843463
-2.4493964090510425 -0.7040554427821312 -91.3817191193883
-0.6056435237968469 0.6624980923774952 -90.60391058800728
-4.572183855773375 3.5092524233224758 -95.85626522494448
-1.4177363447312699 5.3642518312264 -95.5670005189556
11.475118177857762 2.455648612292168 -90.56226504318604
13.566922062820348 2.195050725922451 -90.84603315163376
15.883391891728074 0.49483141712835144 -90.88820472891847
19.098845858342948 0.36046558415128316 -77.53356102702215
17.732127607373215 -3.096448358666845 -90.62700154584763
16.1196138509828 2.966946880063077 -95.69280365331298
24.96160201291312 -4.216019160364646 -68.40314349899587
21.285574635701664 2.2135786571877283 -68.84389037296994
23.13248922430261 4.042955369943474 -61.373716404118596
22.903903317890748 7.068837359261966 -51.57345207745945
27.640968368069437 1.1787991061537548 -51.53489751535705
26.71044620256737 -2.5920663641393746 -61.76488803567359
26.389767925990608 -9.212056404462178 -56.36516511877694
4.751669581458117 4.436899980474169 -96.35818741915519
4.782002456582321 4.803519130129093 -97.9614427009549
-4.709464073906469 3.9916935533082167 -97.72694995224548
-1.5250213412657554 5.60700029291915 -98.18861217700186
14.46797774868552 6.572172085449059 -12.654543980024826
17.53235283109511 5.9263807023687916 -18.90909707868728
20.403425321835314 5.441346144118195 -24.456429319642027
23.13572215621353 4.807362655691702 -29.369425693025107
26.250475562762404 3.9734781750254444 -37.01700516361212
27.019934033815286 2.957426328792077 -42.51289183020241
24.045787927929826 -11.068448382152718 -62.53443565506944
19.228448655126723 -9.018160548068103 -73.8624204149158
8.241546127138292 -19.2099110384352 -26.320758495618886
12.957847826178316 -17.955964560308132 -23.87640897564443
7.721689595632377 -26.109431291219636 -30.9266036167915
13.088830365519236 -26.379717347657007 -29.468936988307995
6.67192624191366 -33.31423906520521 -35.992722427143875
-3.3618207208168416 -29.213182538672363 -48.207388116621914
-6.644318977346037 -31.46728753577584 -58.60910725140556
-7.366466901112155 -27.93688428209449 -58.674858996330315
-7.266110158639114 -24.872026098057763 -59.5250987455997
-7.002563180507802 -22.53462162159574 -62.088169004413984
-6.053764261177497 -20.655215927537885 -65.2799083746021
0.21484543849493476 -12.082275643788643 -84.9225628728404
-2.3370789272005483 -7.140189518233113 -97.30963006070586
-3.4684653257458242 -5.470648703989958 -91.83904227385841
-7.362665079445611 -7.81049304075754 -91.78612819620936
-8.592462177731695 -8.784252832736113 -94.24180411766302
-5.940077294221227 -10.151239664061107 -97.93524112769659
-8.018558661854478 -13.814508846806426 -97.57460971299608
-9.619093001672265 -13.939294242423557 -93.84707582435946
-11.818699070822078 -27.199540147958043 -61.89033701502309
-11.34059814643844 -22.96228313700971 -66.82967312101151
-9.44631021540951 -21.812830713680846 -75.78761953658952
-4.438996247705195 -19.857154381014478 -76.79737250476992
-3.707390397706863 -20.194308907896204 -87.08990977758907
-8.980783480151286 -23.51332865474617 -87.83835864524362
-10.212909908981057 -16.27560147119833 -90.9990382764547
-7.927907667881486 -12.338875102914113 -91.05606544853295
-14.027822624761878 -19.04904932493526 -94.46289131008214
-13.58583062396112 -19.509231726043016 -91.64434632153325
-17.64838048814788 -24.556095345626467 -92.19780346506172
-17.81617946884998 -23.388046126081374 -94.92915430003706
-15.663725982003795 -23.262330302757505 -97.7702185544781
-11.295755235774946 -18.46582654423996 -97.65826865623627
-14.638278810350766 -30.550122657421547 -89.36121876111932
-19.576858265463834 -28.778366468724652 -93.04421605838367
-14.160922961126426 -27.596119551430192 -80.1218381021292
-14.149454727543306 -25.095255277120604 -70.66627685246117
-15.801900983142431 -30.42357257906656 -69.2167266503027
-15.56800516236334 -37.670372666274396 -81.9877931954112
-15.121788195418684 -35.71448671539139 -66.97990753309557
-16.184269477209675 -36.211514592917204 -72.60870298136052
-15.847856197011913 -35.291726305639564 -89.68946224080238
-13.06057310510605 -47.53355128371978 -75.76702636720366
-12.716982903293559 -48.30346991858066 -83.6328396713876
-13.347281719400446 -47.879754436181116 -89.48152558510749
-15.760508265588449 -39.791605774145474 -90.04247636989903
-21.174117208603416 -35.155844065674145 -93.538734608697
-20.964089084220515 -40.84482426241523 -94.07752900395865
-18.812715176074843 -46.889338018798206 -93.81742618006696
-13.670514631852203 -55.22297133505491 -93.77182263366038
-11.359843021556658 -37.50229663147024 -62.4897725828048
-10.12481149137104 -45.29785737364639 -66.590323989692
-5.024036507168018 -41.308751784068285 -61.7668244444485
-0.9380749559540185 -37.25819656167631 -50.238760695596845
3.436444185510201 -50.903122943883695 -56.64000585858379
-4.035522966719826 -46.763902637215466 -64.2485228536992
5.18466431011184 -40.63394393618802 -43.112588448750905
-5.86171087217812 -51.86076876015777 -68.7831925177284
0.11990837642786822 -53.957302566757356 -64.4005053915718
-5.385673107353533 -56.25516096091508 -76.57901843397859
6.437152456961041 -58.19093806281146 -67.33080274750752
7.838029267674519 -52.972925127697785 -56.625858925018996
9.268068195317479 -48.047510679085526 -49.24780368362275
10.76290835867069 -41.773417273772694 -41.79819242451303
12.109118570023755 -34.31324629277421 -35.12482030316048
-20.05124337966144 -28.0585950236452 -95.05106315640255
-18.8714473043791 -28.39471860330111 -97.85452059834454
-20.338414885213826 -34.89592283131087 -97.52855543148875
-21.294325742188974 -35.203388277669525 -95.74499657851716
-21.03620820706234 -40.846327617066756 -95.84312709874123
-19.47685942361885 -40.74917642645648 -97.74719358548315
-19.2230417576573 -46.855680260300495 -95.7468291231054
-17.296691495854315 -46.434018509182955 -98.09012676942066
-16.48587977406693 -51.716822944001805 -95.85614662204186
-11.959503217997138 -53.72967309199753 -97.94611480216393
-13.831018589003945 -54.79747917352908 -95.60527642390886
-5.3941078701673835 -58.763592273847166 -97.28327464966097
2.380844432886976 -62.13082621525432 -93.32013892242168
-7.552738991096964 -59.83350965168676 -92.2693853121827
5.021708639560145 -62.27219528679995 -90.917053246934
2.210088317689902 -61.46437276546441 -84.71553678400639
-7.077940880228589 -56.65767057134217 -88.14503101828315
-2.9933786740541493 -61.57893889442522 -90.1476531408463
8.002567699242904 -61.48601615183885 -85.7153523461276
12.940311445356826 -60.14426729648856 -86.25192433713788
9.254710597239633 -61.36059297694441 -90.85639750744568
6.560718324044801 -61.28169899976332 -93.45434720113523
10.081657091078378 -60.60279570736459 -79.42755777017022
4.532798565612254 -60.619956072389954 -77.60482714071341
14.211235843503504 -55.35693606310996 -63.917240416177734
2.6032423299114686 -60.92237397899061 -95.75972997593301
14.913131901564414 -52.311427212729114 -58.233948092579226
16.109947280742663 -47.38315434412098 -51.027277939125916
14.467044923057177 5.169737999120536 -96.58342485629021
13.867655878086309 5.460132725052609 -97.6821218962771
14.677920338764544 -2.3201055944274303 -96.25487731330243
18.936105817492884 -1.2192794486726488 -14.437278603763291
16.377157200128337 -0.6901565603511773 -9.540380497735914
22.059013809360483 -1.41423623198443 -20.306073195882707
23.887999547249603 -2.179502672094143 -24.10216438371811
26.32998058645842 -3.4617150194414235 -30.185397274258975
11.872178378339107 7.647860355833407 -8.755366057802297
28.17434556093327 -5.3890259331329595 -41.10592357433134
27.969273394130195 -6.768427738413471 -47.13949734258251
19.187422824371083 -3.715241996057608 -84.27486656633442
13.301075603740598 -8.473647265143766 -87.37261872024764
21.2562929316105 -4.093633208370503 -77.81546577004453
11.790570335835126 -6.786962773911745 -96.79204141819251
10.136062854687417 6.78739478357114 -95.87219141580029
10.271608472570865 7.086270094667183 -98.02846810704757
13.835708832535069 -44.8182010956554 -45.86523931710589
17.87412445498893 -40.761174890617454 -43.70208983732979
15.178143116812574 -37.86238129420549 -38.79726823505595
18.88707530621613 -33.33417492287032 -37.19682851954859
19.414830523524056 -25.07140839753961 -31.450946460130485
19.821881179111664 -14.542411808259182 -23.52093490892936
23.898251753706855 -6.774328169545961 -23.74599556129435
24.405338332982605 -9.835804816123026 -26.25289065173138
24.861155110027774 -14.481106894436806 -30.48431832480363
25.052302421695412 -20.950900188366834 -35.641475864913595
24.809114886494847 -29.52007720563039 -42.493606065978724
23.70249122267967 -36.747025824712544 -49.53730247500835
21.12522681055303 -45.58151604399621 -58.85691494342858
18.744805324051047 -50.50023751127735 -62.066350626707205
15.710510511590417 -56.284125112281124 -67.47516986485805
-15.266792478632235 -4.080420817339321 -20.105346855427307
27.499640569654115 -9.333477580981059 -36.75079822528366
27.576703685873916 -15.0511662908589 -42.46092724528816
27.276224300745536 -23.051786377348716 -50.250313817913636
26.683496692337304 -22.937908709903827 -56.69091315418214
26.314490822150074 -30.10873736906823 -57.351669518566844
25.414531626668005 -21.729778904100744 -64.94915127225917
26.42356798148542 -26.520405069071348 -60.23326270623753
24.63163643436053 -38.93630131828269 -56.88669215159331
30.196312302495844 -29.94679431783484 -64.39039624092301
29.79801497915001 -37.24563556454974 -62.67675178937769
18.774558487273577 -17.948694954017718 -78.02621390136426
22.422955913126433 -18.910327728025166 -71.49795804154968
15.451237549740487 -17.964525330383093 -86.11596633991748
28.268048563509858 -42.37570922683665 -63.01691407503072
30.897540876840115 -38.83105685861383 -69.11141810699769
28.125249146267706 -47.081599650325735 -71.51030280176815
23.896717803092233 -51.224708354974005 -67.53340742391906
18.121086977269936 -58.359288260688814 -77.32659984003291
23.804143901254264 -54.27253682440278 -77.76500810243813
26.35577439604286 -50.759348996886025 -74.0889170670225
27.29375329458506 -23.009737428235876 -70.08476719246589
30.174986376665704 -27.90702346514582 -72.40276383757016
31.270135773028407 -32.98414839908691 -69.79341673652165
23.078706771221196 -20.6618963507266 -76.1257174323442
27.895857927130987 -25.427140506435244 -76.1148443619333
22.738467264023697 -22.4492069960475 -81.32450354754172
19.12971442053364 -19.570574760606796 -82.11515107883145
20.805187341903725 -22.27366828820815 -84.55347690124674
19.459481308048662 -22.08401439536506 -87.84584331306469
13.155008546395996 -13.639251167981197 -91.69049422095168
26.35470280242264 -27.126293388320473 -81.81035017089165
23.240072124969885 -27.679753120199322 -87.5464052292461
25.310860488505913 -34.7446233080449 -88.55082766050955
29.276028783257104 -31.860020047844642 -79.41924456117981
30.00739675104533 -38.239556113931485 -79.06724257355914
29.906670555915998 -42.904231130452565 -79.83177693990879
28.334522721522344 -48.045483894737 -82.25231138971425
24.39205035441917 -52.79595247681479 -84.43398167824262
25.827127754145 -42.839601493457565 -89.59344186359515
25.557753429434005 -48.89647811651177 -89.70265303568847
23.487570347553223 -52.35390570557385 -91.3865343506911
18.848852058642006 -55.69918112335534 -95.0603222368997
15.62719793454743 -58.05923954815478 -93.05610067269545
19.86719558656697 -55.854123031077556 -89.78777657749536
14.215538103629468 -59.11435022630452 -90.66094989837333
16.23811635800988 -58.54708123286459 -88.2908574471185
13.033504943954101 -58.91963048509848 -94.39771990342335
9.69156519117337 -60.26858173117807 -94.06512330569902
21.71696367066078 -55.776203046069845 -80.60532557153894
18.539106457634304 -57.695536217073965 -85.35186488327984
15.215688606357126 -59.652363257182834 -82.96911823520516
11.66499342559592 -11.773703073875781 -98.29375382040557
16.388684822456934 -13.241986105337274 -98.59216342679173
18.447949540455586 -15.388285564465363 -93.31810437348466
19.353973585754893 -13.62421577835762 -98.18740083693243
20.941445473144594 -15.278662987335098 -94.31250273376685
24.10982512441411 -23.429898909753213 -92.3274954973747
22.88533171048583 -16.062012234802637 -94.90900772189126
21.92628507369385 -14.658252925592759 -97.4338433362625
24.658287230110197 -18.13468107563675 -97.2731823585559
24.942367302229254 -24.237123440002907 -96.93550731353847
24.7701190332706 -31.05838520927333 -96.66056061693135
24.97389861652646 -37.23291051548027 -96.07043248082302
24.801966744046354 -44.26306676889969 -95.82002088387152
23.56859444005261 -49.600564563343 -95.98053187938716
